Resting membrane potential = 8.55029 mV
Maximum dV/dt (UpstrokeVelocity_max) = 51.79174 mV/ms
Overshoot = 59.83315 mV
Amplitude = 51.28287 mV
APD20 = 8.56000 ms
APD25 = 10.98000 ms
APD50 = 25.14000 ms
APD75 = 727.18000 ms
APD80 = 739.04000 ms
APD90 = 762.08000 ms
