Resting membrane potential = -88.00993 mV
Maximum dV/dt (UpstrokeVelocity_max) = 460.85305 mV/ms
Overshoot = 45.38115 mV
Amplitude = 133.39108 mV
APD20 = 162.98000 ms
APD25 = 198.86000 ms
APD50 = 342.16000 ms
APD75 = 464.80000 ms
APD80 = 478.16000 ms
APD90 = 496.54000 ms
